335
55
695
941
973
265
402
734
745
836
585
699
767
972
423
950
868
992
676
321
387
117
986
134
886
782
876
936
614
756
800
417
497
794
90
491
749
972
839
652
925
935
337
868
124
3
394
914
675
388
991
823
40
177
718
572
198
903
806
19
877
89
291
969
896
395
226
9
606
718
510
434
495
389
640
308
18
265
624
62
699
738
372
202
973
925
267
472
409
168
709
476
128
443
933
536
211
95
65
183
18
201
170
314
833
212
467
848
831
209
719
297
784
976
651
600
565
494
261
930
920
187
974
879
176
485
810
836
9
428
553
362
512
370
649
612
6
1
319
821
694
960
641
948
136
429
904
284
838
725
67
730
952
670
684
84
169
603
718
791
346
197
869
826
150
202
498
528
833
989
831
76
326
138
875
619
110
378
341
302
901
166
552
697
841
713
691
727
406
98
243
453
719
907
392
373
41
374
93
787
263
827
726
404
685
946
742
379
670
362
87
333
122
285
590
712
358
677
61
606
837
92
374
438
319
211
201
264
969
735
440
728
794
474
622
474
284
773
431
947
222
531
164
659
400
331
328
127
532
853
68
730
708
373
709
149
780
802
812
996
42
183
430
295
75
252
866
184
662
6
790
647
91
513
658
558
738
613
973
966
255
611
775
662
332
224
104
954
797
306
381
573
478
284
334
568
34
963
473
98
988
825
960
947
489
746
111
672
675
144
346
103
694
879
932
254
441
234
201
802
579
876
554
265
889
989
446
717
716
86
585
532
563
115
562
858
788
874
469
73
403
325
450
803
803
93
310
611
669
72
132
335
556
33
504
267
182
936
592
739
544
118
889
63
859
163
866
239
316
742
625
981
607
207
503
871
715
579
899
806
779
138
228
51
183
122
648
405
366
814
50
544
358
488
856
204
609
461
583
394
951
160
240
186
90
256
701
498
624
933
663
329
749
712
787
166
715
664
555
679
122
607
992
539
464
589
541
652
356
276
108
227
73
84
27
152
235
351
397
987
534
279
430
783
192
483
816
730
738
623
649
400
385
612
852
284
653
537
794
206
847
814
482
139
556
813
432
600
977
713
487
263
883
733
296
682
725
419
492
189
256
36
505
559
985
341
412
940
897
72
103
986
343
829
287
967
238
539
250
176
459
620
395
563
946
879
232
108
298
35
153
950
399
700
865
979
926
269
717
420
656
667
315
997
555
785
579
690
66
68
61
966
348
18
379
308
442
50
159
971
44
586
247
34
458
486
829
603
666
940
862
513
790
284
339
891
294
442
661
254
794
710
99
199
312
733
182
892
324
695
291
693
40
995
33
406
583
862
882
675
674
625
659
790
207
957
330
62
143
275
499
395
740
744
545
988
787
657
755
722
202
411
662
906
104
311
791
214
349
225
327
465
475
577
631
573
359
680
293
72
179
211
525
649
304
285
246
324
375
870
671
633
640
996
156
214
366
685
149
926
291
383
407
923
236
366
157
384
353
99
844
207
817
967
275
447
142
770
252
4
872
586
206
904
606
880
599
673
563
131
890
246
531
233
490
749
46
505
140
843
640
92
387
961
837
752
990
902
771
529
657
469
139
495
394
732
276
702
584
383
247
105
731
414
334
942
413
746
901
793
930
202
901
314
250
178
805
625
46
381
976
118
246
600
450
680
877
819
346
353
665
890
876
813
83
965
171
54
692
943
423
285
964
470
633
761
442
124
706
40
955
386
535
163
766
864
512
250
541
714
146
126
561
804
144
61
466
117
231
149
916
224
511
652
248
482
631
717
906
681
406
851
821
84
445
832
526
992
395
998
934
7
110
308
183
282
317
573
831
810
570
356
847
210
198
3
783
536
557
105
418
38
226
706
843
7
369
3
750
70
269
162
233
984
546
404
72
556
38
146
187
312
557
104
289
550
612
686
464
83
143
749
319
662
66
310
964
644
786
988
516
77
536
634
807
487
490
926
221
321
587
324
373
472
279
453
865
383
568
449
254
588
419
430
747
82
864
530
762
550
273
966
239
699
403
94
515
56
590
315
1
756
169
141
943
654
926
361
276
162
507
703
800
118
25
201
785
479
714
766
874
375
459
783
216
469
989
865
856
888
842
403
802
476
852
484
714
54
686
307
737
614
401
958
767
764
914
28
198
685
374
46
760
169
176
543
237
491
639
189
710
171
925
333
772
506
546
993
735
289
289
658
632
892
210
264
972
620
578
57
784
565
481
32
766
800
3
648
752
990
870
484
332
676
61
216
520
92
722
593
986
828
614
887
471
954
56
981
564
876