5159
2435
503
4292
9734
4440
1163
1596
4047
4114
901
9980
7689
6022
360
9047
5098
4673
4145
6611
3025
6291
6381
8395
9337
3639
9103
3245
315
4595
4141
1674
8058
8044
6129
9630
4137
212
5310
3160
9693
7735
2032
6092
57
902
2750
7063
3707
2754
6495
4014
3520
9209
4977
2017
4814
3412
2003
621
5218
7049
8507
4267
3471
3339
8314
4124
6492
8633
6694
7062
9992
6042
8321
4651
2624
7123
3696
7942
8910
8158
2500
4000
3401
8225
6746
2519
7137
4941
1549
942
4171
1668
8704
8179
7712
4410
3905
1380
8051
3200
219
5928
5982
2375
9309
5905
3593
785
6797
2161
4625
813
9031
2667
4874
2733
6356
6526
7299
188
7982
6724
6169
1227
5016
4267
3319
742
6581
6455
901
3047
8782
9473
3894
9550
3498
9184
9281
5142
611
1537
8144
5298
8149
9366
4382
1212
3466
809
8404
2996
3742
9280
1829
5336
738
3001
106
684
3121
9584
5119
8447
7480
4301
135
6666
475
3568
5001
2519
6589
2735
534
4878
1102
6548
4104
7052
8434
2535
5158
5504
2329
6284
8166
9069
9146
1077
6946
4365
9864
756
7328
1786
9763
7829
8837
7386
2198
9666
3360
8556
2455
9083
4137
9655
8490
721
6464
3477
6658
6583
6392
2507
2885
1606
794
3516
5509
329
7982
554
8935
5622
232
957
5228
7532
3803
6727
3077
8018
5779
1195
2137
6203
9219
9033
4819
3029
4099
6866
256
1348
1560
1505
3429
8146
2389
1749
3071
2906
6042
1960
9922
8975
3216
514
5777
7761
6275
9801
7065
975
4305
2682
2524
9037
9727
529
8472
6192
4299
7966
3162
3943
3958
8148
3621
2462
6931
1947
1452
2623
6600
4439
600
2466
7117
8564
5109
3051
6241
327
5999
1555
1450
1465
7886
2719
1642
5661
9422
8322
8953
9939
3131
7360
3519
18
158
5885
6630
5751
5592
4981
2965
7814
7282
3707
3341
5374
5232
6728
2709
5491
5610
1704
2216
2138
1313
5847
1093
3300
985
1201
5176
4451
2011
7747
2346
2299
2605
9833
7319
5791
7749
4396
8121
5260
2128
9408
7019
6539
6921
4220
1091
3735
8410
52
4621
4697
1594
5790
5780
2969
527
4219
5721
880
9324
1678
3473
281
4974
9855
5858
8200
5109
1963
2348
3514
7656
4960
5931
1691
5931
7272
5396
473
6610
6740
4275
8590
443
5233
5755
6564
9621
3977
8364
9561
1335
3774
1670
9599
463
9460
725
4713
7130
6440
8781
4301
8506
3177
8283
5558
4206
8212
9454
8274
3854
3215
9202
2726
2506
6742
4339
7587
757
3920
3887
9920
8873
3435
7625
9807
6059
5528
8801
3495
4127
1441
5845
9682
436
6124
1859
9178
3431
7895
6316
8458
3514
2412
8849
3563
426
3011
7890
9819
2081
4197
8637
3184
4411
2808
3372
4442
9083
439
9671
8121
9768
1872
9316
4707
4618
8993
9729
214
2314
156
6861
4417
8487
6402
3149
9307
7672
4064
8973
7411
1940
6421
2471
5568
5378
3859
2302
3116
4856
3313
5491
7128
9621
8036
6111
6607
1854
1348
7641
444
6629
2590
5038
6307
7284
8215
9689
7208
8442
9805
4112
5692
2828
8099
8040
5560
9314
3612
868
9374
120
5872
1684
3685
2090
678
7080
7480
3747
2253
550
5700
4737
2000
611
1346
4478
3086
9239
3377
7538
5790
7573
555
4146
4184
6300
3827
9248
5293
7281
627
5291
5260
3264
4607
6635
7276
1495
951
1210
2803
2131
5710
8168
5564
8686
4049
8507
2069
5309
9014
2789
4878
3757
7112
7003
7310
2626
1444
9117
7703
859
4997
5603
7259
1938
2560
4709
717
3267
6179
5102
7640
3723
8249
3837
106
7549
5720
611
8183
9015
7426
6475
874
9209
4854
3206
615
9673
9920
7326
6875
8230
8673
940
5501
5505
2249
3119
3570
5739
4196
6910
8705
2898
1880
47
3186
2246
7138
5750
9452
7035
5274
255
6186
6015
1651
998
1288
369
2623
1702
3182
5887
4262
6309
7356
9870
4423
384
4621
2895
4084
6120
9638
1196
8905
2507
9205
6890
3353
7329
9614
5397
4802
5051
9481
6450
7937
8113
2994
2507
1186
7594
9397
7466
8323
8955
7073
7171
5263
1619
7464
7089
2485
8746
9906
8740
618
3012
1267
8183
7675
7874
9357
5977
1387
113
6264
8165
7735
1638
5007
7231
5518
3914
7954
1393
1631
7090
723
7432
9654
6322
2822
6393
2173
3546
538
5000
3803
8562
3160
9914
936
8855
8841
2818
6469
2067
3040
3440
5782
9127
2647
4112
1254
6410
5144
2512
8809
9361
8151
6190
3008
780
2909
2322
5832
1333
690
911
3163
6228
2009
6803
7957
5622
5723
5707
6064
4935
3872
5540
3300
2850
853
4376
443
1304
9465
5112
5865
1116
4279
6678
9722
9593
4235
7491
3829
6331
3963
6682
2358
9403
2442
8621
1271
1808
2745
8218
3223
1374
933
4657
3378
5498
1073
5500
8894
9556
6610
3064
1769
2843
2426
6664
5508
5103
9625
3713
3613
9509
2845
6120
3794
228
225
4563
1880
9324
1405
9360
9941
4320
4500
6462
3698
4169
8537
5828
3955
5325
946
6498
8221
6235
5273
9899
3698
3926
1340
3955
6511
9176
4772
3199
2288
4856
5595
4120
9996
6670
2620
94
1757
872
2762
2789
1433
1604
6224
6136
9478
8081
2917
5953
7078
4858
4680
2225
3284
987
5842
7322
1739
5249
7165
6839
3674
7863
7810
9922
3758
5796
7633
2238
4769
3858
7228
1056
7264
8035
2542
7182
7748
5588
7828
2844
9345
5646
9465
7669
4529
2866
4671
1448
132
4158
9832
113
533
1746
4116
3817
9160
2376
8231
7061
8704
6059
5134
4035
7976
1747
1391
4092
5112
9434
7074
1113
4315
113
8443
2784
8468
3070
9981
9214
9982
5454
4191
7469
6765
5412
5661
7216
2063
4559
2134
3170
1095
5993
7179
1998
3797
8463
2843
9705
4453
5018
3598
49
54
2293
2509
4096
9156
4423
3031
437
7322
5056
7124
818
1210
409
8707
5115
9491
1358
3326
5821
9979
9078
658
4045
8540
5718
226
9904
9739
4835
8971
683
337
7899
3530
8482
6024
542
9541
9971
3439
254
1403
8906
711
3694
4857
6893
6897
589
4701
5289
4516
8401
660
4745
406
4032
2631
7365
6967
6870
7789
5811
5622
7524
2418
7255
6551
3953
6516
9243
4536
1990
7516
1583
4204
1076
4237
7784
1471
8347
3701
3157
3019
1735
6069
1652
9884
1212
511
5702
7545
5295
5525
8422
7425
6327
5791
4681
4975
2843
7318
1183
4924
9170
4670
3544
1980
9219
7510
726
7624
4649
6204
3053
5003
7641
6642
7330
7838
6445
7789
4802
270
3519
6986
9534
4683
98
3458
3978
4441
9592
6038
3706
9050
4235
1847
3595
650
8258
4030
698
9692
9053
4887
5747
3834
3283
3399
2095
1076
2783
7517
7503
1470
7620
5035
5504
4076
6197
9410
3071
9210
8864
8818
5268
4243
3402
6155
8961
8987
5152
8681
3547
9110
2777
9211
3363
8424
57
528
2142
2011
6455
1297
236
2335
8700
8738
2920
3242
2805
9185
4675
151
7414
2972
68
1259
673
367
160
8085
4697
4981
5421
6649
593
6124
2043
6553
7314
3412
2222
2679
9441
6158
1413
3908
8428
8177
3193
3132
1248
3850
8828
969
9097
1579
9483
951
6619
1502
8762
5466
1544
7689
1052
6375
8686
2494
1265
2801
4615
6828
22
5141
7812
3556
2643
8723
8284
1395
8521
6356
8268
7408
6670
5533
7779
1971
9805
5153
2873
1162
5438
1017
8746
8420
7558
6672
2790
9968
1300
565
7149
1734
8543
8755
5650
7434
3590
5655
7668
9575
2784
4171
1516
3835
6562
7739
8854
9447
4079
7525
3251
8922
178
5695
1017
8483
103
9961
4455
8088
1496
2600
5876
758
8903
9424
3988
5469
3360
9138
9772
2583
6452
9045
2220
8932
289
8941
4868
4491
3181
4236
2830
1207
2015
6262
9330
1840
9831
1598
1496
7364
2389
6470
5131
9690
8049
8356
6059
4629
712
8858
3703
9726
1757
4871
5930
2865
9213
7050
3344
2917
3600
679
5977
6929
4462
5210
3791
1136
5914
992
7911
1501
3720
4998
5514
5746
2062
3635
3430
5444
2809
7251
5433
869
9264
7881
2430
2
8313
1418
7144
4770
7025
7687
4439
6216
3394
3730
1861
7159
5710
761
3302
8673
7847
4555
1663
9497
1902
6231
5527
7244
7543
3695
2262
694
8253
4197
4492
1337
4747
4334
9349
7524
2316
545
8740
7020
4914
6122
9880
9969
8264
9093
8662
8741
4703
2484
6735
3729
7808
1107
9565
9321
7204
1407
4627
2253
4896
9027
1069
4864
2485
2961
4199
993
9686
5892
3097
1598
6777
4228
5837
4527
9845
6109
8771
459
7994
6535
3234
2000
9898
3419
6128
2746
9637
2293
3450
1367
3166
394
5514
8772
2667
6976
3176
6875
6180
665
3546
8312
4731
2081
6140
922
9094
1721
461
5174
9439
8377
3915
4170
4381
1456
6897
5228
198
359
6998
375
8357
2659
1992
6269
7050
2706
8120
612
2597
6712
9949
69
2351
3723
1831
5259
5106
7148
2152
3058
8562
5688
5192
8928
6017
6218
9421
9820
6078
2255
1072
995
3064
6398
6756
3425
8609
2131
5483
6672
7496
2950
4313
3205
6399
3786
9223
8613
5314
713
4851
7515
6670
3751
564
4243
7935
3229
518
3921
8366
3244
9156
2799
7770
5883
8828
2052
880
7406
8428
1005
2284
9984
7135
1644
727
2691
2542
2212
378
7871
9250
4501
7235
2857
3702
605
630
6775
904
7786
4408
3910
9194
9107
5066
9135
6641
7998
1559
9330
1729
7574
6836
7104
4529
3599
5747
7585
5255
9925
1122
2580
5027
5442
8056
987
8355
5993
8965
6809
4999
3919
4482
2333
9999
4731
4850
5314
1455
4918
4176
7676
7021
8761
3693
8696
4688
2439
7435
1908
7787
1402
4097
5710
9040
1647
2226
749
3981
6035
959
8563
913
4874
7682
8606
4288
448
4369
2286
1132
2873
3773
8410
7592
7608
1951
3737
7375
8614
1710
4453
2006
6618
2386
788
7376
5963
2793
7680
4942
7755
535
5806
4121
5184
6974
6763
9940
8068
9637
6424
8702
3290
7503
6644
4052
450
4609
5668
3460
2233
7018
3057
914
2416
9013
5941
7565
97
9084
7783
3440
4414
1750
5256
5606
1658
7506
79
6799
1453
982
2406
2518
7070
4467
1150
1190
1282
1318
1183
4759
1873
211
2333
7876
5686
4804
8343
7645
6800
2604
2244
8396
5613
5549
8658
7513
2048
221
8728
5538
1497
3797
4445
8040
4257
3517
205
138
9625
4294
8244
3258
7413
2407
3057
5823
5106
3460
8607
7029
5393
2923
7756
7545
50
8285
2251
9969
7869
7594
3263
7914
9082
4133
4841
6599
2040
1138
7848
5432
8398
5280
8900
2570
1080
5878
8748
6492
2827
6214
1973
1956
6008
6268
6635
4807
6187
441
6486
5632
2067
7286
9677
4589
4138
6423
2818
6160
9392
8325
7611
525
2299
2052
6579
1867
6696
8140
2918
8146
1706
5794
9644
468
6895
1517
6257
2854
3003
9845
2420
6274
2182
6449
9454
5830
5309
6263
7840
8253
2652
3359
1085
7466
6482
5138
8283
4883
7960
7737
9211
2115
5828
7506
5135
4135
509
7444
2296
5298
118
1851
6943
6065
6728
5473
6052
6246
5282
1973
6239
542
1020
2643
6688
801
3874
9796
3989
4379
215
6226
2624
7984
6188
5016
9653
3760
1801
6960
5769
4030
1950
6768
2942
6623
8441
5436
7484
6686
1882
7876
7463
423
2013
1626
3400
5531
1847
2524
401
8465
9073
6051
9725
1351
1605
244
1591
650
1788
3167
1484
3321
9050
1051
4101
2068
9926
4097
1944
9911
1668
3108
4724
470
2239
6761
7372
8932
5334
8910
2789
6217
3242
623
2076
9595
5695
2109
7700
6859
9586
800
2302
186
612
4598
7874
8944
6606
8433
4567
1941
8517
191
7683
229
3315
6103
8513
429
294
8489
2313
1870
8792
5250
7418
8685
3695
4577
2776
1358
1827
7434
315
8200
2029
9303
9243
2223
7423
5481
6619
1123
3588
4293
40
6002
3810
433
9607
4761
5555
7269
8638
8783
1333
194
1193
6436
1357
9105
3081
1760
8545
4988
6887
1606
4030
268
8105
358
6026
731
5264
9330
2878
6445
5322
8365
2476
131
9705
171
7583
6162
9839
4998
3764
6146
572
729
7972
2126
8466
1738
2639
7241
8575
8296
9190
931
5617
7770
7006
9475
8434
2233
3430
5445
3885
9891
9249
5187
6224
8670
6055
2074
6425
9131
1262
3443
5431
5420
7439
7105
7024
598
8339
3987
3771
1901
300
4723
5397
9516
3676
6847
5206
407
4887
479
2070
6337
2290
8362
1088
5210
7392
5953
8661
4173
8652
114
7248
9195
7370
2091
9565
1814
471
2719
1201
7769
3435
7445
4109
2119
1293
2645
4322
3469
3752
2909
6560
7287
5328
9419
285
1496
1286
8064
1656
2798
7374
4713
4722
6840
5397
4860
9001
779
6117
1427
1464
9999
1344
3148
5216
766
539
274
6415
9674
3170
2712
3205
448
6304
1617
7285
4672
4394
8600
6759
1972
9028
4236
4227
9332
5844
1990
8747
6192
622
1361
1549
9725
2239
7531
3341
2482
7395
1488
7304
7269
9686
9069
7408
3707
603
816
4913
7145
9936
8861
2998
2736
7729
8521
5186
8506
2222
1834
3422
2802
4151
2203
1175
2371
5856
4787
7701
9243
7000
9584
7316
4653
4801
7150
2592
5234
1454
1691
9538
1099
3324
3742
9432
1955
417
8289
7342
1130
9812
8966
7675
3434
6687
2803
8799
1038
1111
4072
3579
1701
8380
1006
122
352
6655
3575
3474
724
7051
2061
5991
6085
3058
7968
4747
1606
534
2432
8795
852
4826
5158
7153
5747
9335
3097
8459
3233
9290
3546
4050
7623
9861
1214
735
3802
4667
2673
1184
9892
4269
2721
1047
8638
5305
1350
3616
1027
285
7870
201
3864
7596
3276
6119
7002
761
7136
3300
7436
8191
5474
2358
3896
9956
3216
2075
3952
5594
9611
181
7926
6200
3332
3359
9475
3359
954
3359
543
7255
4228
7142
9762
7706
4765
847
9267
2005
5198
6069
1904
633
666
8753
9392
477
1233
9194
6705
3213
3728
5329
3037
2179
4901
2627
2608
1927
8524
6332
3200
8956
5627
6710
5680
7997
2772
6448
3975
7903
7207
1792
6225
5662
8746
5990
9071
5857
2074
3191
3922
8689
1401
9710
3300
6531
4426
5736
6870
6419
1634
4744
3453
1714
81
591
8245
9660
2086
8127
4802
2439
6590
5760
6115
9008
6082
3082
8475
6142
4087
5672
1974
4407
63
743
5927
5134
2489
8386
4999
4570
9488
9442
2096
7446
3888
775
4631
4088
2198
6439
8637
7580
8664
8582
7710
4152
8475
6699
8140
6122
416
1136
8997
3652
7535
6672
9381
7640
1991
3185
6756
911
4633
2657
5547
4522
4095
6834
9469
9723
4532
6098
695
8244
8106
3149
634
7876
249
9689
4248
5325
2899
7382
4622
6102
2163
7677
771
4994
7072
9503
2542
8816
8422
45
8013
5082
136
9736
9615
2690
1773
1563
1376
1598
7848
8158
1970
2833
2059
8720
8729
7267
3142
6233
4642
3727
3270
995
7159
6771
3710
5567
2365
4555
7095
1840
4944
4427
1707
7600
2664
1142
7087
3716
1164
1963
5201
301
7240
1797
114
9215
3852
8941
2949
2932
62
3563
1051
4320
7259
7221
8991
7280
9126
6618
7308
6966
1795
5662
8259
6873
9038
7153
5458
6589
2888
3198
6571
2242
4029
8656
1241
9890
1415
7558
490
741
9412
9879
3102
6494
7490
1626
5211
7524
5206
4715
7212
6292
811
3350
1613
4144
4558
6989
8049
1333
9086
1052
5104
3089
5129
426
9517
683
6181
2000
1635
4917
2132
4035
7835
7302
6828
942
3078
7423
3861
2174
3324
6542
8574
4495
902
4307
4439
2895
390
9755
7419
9458
6535
450
1840
3727
7291
1622
7034
9402
8820
1037
6840
1834
7197
9765
2482
2701
2312
6562
4568
5808
4293
3250
1877
5465
9282
6948
7278
2211
8336
7497
6703
8475
227
1668
8286
6332
6336
5762
8140
2391
9469
8358
2960
8311
4858
1645
9295
9339
3981
6942
4676
6036
9483
5895
3059
7115
7432
1886
492
9400
5483
4023
8047
4448
557
7443
5520
5126
3318
9921
7692
7596
3374
7837
5966
6767
9028
8216
666
1581
8665
3161
980
4518
2187
1099
385
5032
8785
1331
1007
5959
6738
4028
1807
1390
5971
9798
5198
386
7468
7754
5229
3273
547
557
178
7588
7451
6230
2363
1033
5110
5856
2335
7594
8054
7218
1926
1162
5076
5258
4985
8448
7821
5621
754
9166
7937
6265
7995
9360
8925
9030
2166
7637
9541
9678
5187
4270
7353
4964
1385
2744
194
8166
7556
3705
3679
2428
513
6845
1539
7521
8455
4389
8477
7226
2873
8128
3914
1389
3574
1331
3688
5477
7194
2912
7883
114
6729
705
1790
9981
1382
1376
804
3370
7472
7217
6932
972
7993
9985
5187
8774
5602
7114
5298
8603
7154
4570
7481
8079
3055
6616
5767
4458
1231
6005
63
2942
1518
2099
8183
5597
8341
527
6451
1266
7574
6110
7210
2749
8449
3947
9644
4364
9239
46
2933
2340
9552
985
7117
3981
9104
7775
141
9322
8923
3776
8635
9903
6252
7266
3096
7712
4786
270
4546
9880
5770
6816
5381
8454
9764
485
5372
7829
4466
8853
4609
4996
6353
5089
4468
6214
8055
6915
5392
9836
8706
8906
1969
6080
6411
6342
452
3291
2817
9034
70
7783
7062
1846
1460
3105
1692
4518
8375
9006
1874
9024
5893
9803
5076
3851
1978
6227
9512
5589
1682
8229
6098
1965
74
7995
1789
808
4634
5920
8800
9343
1695
2975
3017
4903
4087
9132
4599
4005
7019
9409
8543
5689
5519
3471
6710
721
1580
4201
7819
7932
2099
1620
2968
4417
5112
9881
5438
9900
8700
5860
8492
5155
3377
2380
5702
1207
6152
141
3594
9519
3096
3067
664
2278
1059
732
169
5183
4410
4017
8299
6170
6621
9843
5238
894
1489
5312
9168
5043
6108
4449
2119
4591
9881
1494
1325
5000
3214
8635
4024
1202
2677
5146
3391
6725
2960
1046
3097
1785
8347
4251
3739
8292
299
1464
6258
4950
7774
4139
8624
671
5960
5435
9758
3237
4128
9366
693
1700
8769
891
3790
580
9489
4380
6894
9674
5854
3292
376
9579
4162
7000
1125
9958
5550
1666
5255
9537
604
883
7640
6252
260
1709
9362
6850
8921
4933
8322
4948
4281
2189
1735
2314
6446
3820
2053
8045
6405
7576
5704
7514
6769
309
9841
1524
1000
1241
4490
9325
1721
913
8599
6452
6791
1103
64
1873
6097
122
9123
5165
4304
8111
3306
4383
3579
6923
6300
5056
5481
1100
8713
9260
7746
5562
7013
6250
7619
3626
106
4351
2407
8846
2693
9515
1459
4260
9821
3593
8299
8393
1546
7726
478
6485
8081
1874
7743
9296
3747
4244
5055
8764
3003
4964
6182
8697
5060
1271
8573
6921
8770
6499
7685
6777
5209
6315
5499
9946
3309
2467
3667
292
1028
696
3760
3801
8751
3917
8818
4889
9949
6593
9864
9745
5305
8963
7545
8957
4074
3748
960
4695
2370
6541
908
1578
6342
4189
976
892
2855
7527
1837
5314
850
953
2215
9915
2354
6248
7493
5850
656
3551
4952
8306
2025
636
3614
6396
1445
1850
2609
1137
254
2476
3850
4775
4155
616
3702
2809
3074
1262
4771
2753
7391
2979
773
2058
589
1848
6249
9871
4639
2871
1207
2245
944
4505
9616
4998
4198
5729
6517
7523
1524
3100
9079
8437
8272
2763
2718
3944
4981
9132
2376
2708
666
8790
2946
3533
6161
9731
6473
3567
5728
5000
7268
5882
3548
9901
6142
1476
4771
8275
8610
5314
6995
5653
3870
5897
9317
6196
3828
3787
1457
6401
20
2469
952
7158
9688
1310
7539
171
4802
6421
8786
6123
7160
1292
5006
9182
4045
9151
5689
5318
747
4014
9751
6198
1484
9137
8258
1300
9826
1296
9683
5301
9703
9250
208
5382
5754
1050
4426
9378
9374
7300
6820
9461
8011
3836
9365
3386
9928
3231
2281
9731
2053
6117
6864
260
6787
7013
8263
3082
6997
9065
7016
1742
6336
9452
2132
8260
4556
2231
2313
589
4467
9078
5243
9854
2059
742
4812
5802
3647
5192
3955
2823
4074
2795
4827
8311
5415
1084
7878
6844
9452
1464
524
4778
8957
7688
8556
2590
5051
5270
5958
9666
9414
9866
11
8521
6859
744
9263
2096
3622
6066
2962
6130
3358
1902
1112
921
6216
2432
163
4548
9524
315
9182
8360
2144
8931
6170
4157
6260
3455
5544
9599
6404
3141
1311
4265
7164
7099
9952
6595
801
7382
594
6965
1591
1724
480
3531
8765
2184
3822
9143
3979
4703
6418
1272
7642
6459
5412
924
5076
9308
2495
3170
3540
5614
6771
7176
2588
5277
662
2937
6646
7405
6446
9771
7411
5259
5940
1863
7737
8284
7921
4228
7157
6735
5908
1365
1644
1924
4294
2044
9954
5012
9924
5445
5426
1837
3739
330
5582
7959
1607
4006
7020
3309
3211
4634
1732
3380
8762
7860
7553
1735
7009
580
550
1158
4991
7226
3739
9415
6717
8238
9404
976
5430
8853
5835
4362
5066
1132
6456
8727
1185
3155
8400
6134
7876
1056
6445
8865
7527
8485
4284
9428
2489
3423
4267
1442
6275
8783
6532
7455
8765
4982
8121
7920
8449
3293
9381
919
5684
9471
519
1534
4186
7675
7780
6881
9710
9525
4129
6799
7447
5771
4785
1284
1545
9649
2189
4129
2552
6453
1631
2609
5623
3235
1698
5703
5584
1886
8249
812
9238
8844
5074
7224
5609
5453
9341
9672
2711
3130
4549
9496
8942
2467
8148
5906
5800
6514
5596
1465
3265
8479
7836
6578
1085
9041
3835
1097
7052
3194
4090
8363
7801
7746
4784
1883
3016
8221
4138
9891
1253
4426
8354
180
5099
4589
826
4386
6620
5236
2880
9404
5856
1601
6470
3133
4003
628
117
9128
5709
8138
4468
2898
9746
3730
3981
8675
5889
3970
2934
8190
1038
4860
9591
6525
4429
24
5256
4102
9403
3900
2655
2881
8411
1011
3030
2879
1168
5214
1368
7386
3215
3265
6345
6410
3401
4094
1676
2781
6660
6221
241
9075
9088
5693
3273
5053
349
8704
5841
1986
1247
7835
1987
842
6992
1050
1328
5313
5513
8452
6634
6980
8348
3544
1439
2756
1556
9550
2207
5435
5189
3556
7486
8188
4950
2601
8836
7012
7757
9906
634
6423
7959
5276
6045
5993
2101
2919
4752
4231
9524
8685
369
9097
379
3814
6331
5271
2613
5851
955
8693
4601
2265
1192
6932
1308
3370
8557
2815
9019
208
6688
5285
8479
8407
6989
2862
5754
3393
652
63
3617
4449
7317
8781
5443
9563
3726
7944
3424
8754
1803
5850
7338
3585
8592
1746
3439
1467
7958
5584
6064
8421
1918
9494
2397
8502
1579
3382
2929
4231
8354
2422
2044
103
1952
4251
956
689
5563
7951
2192
8330
5396
7795
6631
3391
3784
7945
2664
3038
8831
8962
7257
8468
1087
8466
1666
6560
577
5197
8328
932
1990
8361
6208
6268
5263
5901
4698
3870
3456
6266
5641
6143
2118
9091
3350
4446
9906
6747
7189
6069
9290
4109
9548
4147
9176
3866
5868
8435
2761
2544
5065
9155
1161
7025
2424
6031
5703
600
3910
8421
377
4415
4835
4868
3438
4519
1031
6584
4043
8633
5075
8984
4637
92
6919
2570
2396
6443
7561
3815
3517
1628
1613
1287
9098
5865
6936
6226
713
9449
4925
9830
9881
2447
1158
8900
6191
5312
8909
988
4611
794
813
7671
533
8060
5996
1159
213
7037
643
9609
5669
7830
1547
2128
1750
593
7460
413
5833
3412
2695
6777
5210
1307
7827
3346
3944
1156
4281
5699
4738
8086
18
5185
9376
5582
9480
639
4057
9968
1605
7732
3023
9143
6679
4631
1041
2111
5560
6361
3234
4267
7820
4229
853
7746
111
1493
7052
6328
4428
2132
8272
4114
3718
8666
2310
6818
8285
7710
5528
5343
9098
5648
6474
9542
8319
6439
1549
5346
4763
8202
4527
3503
9482
3646
3223
6575
9005
3733
8856
8430
8971
4091
493
8032
1025
3342
6453
5490
7333
2497
5257
8173
4789
7925
2234
6503
9895
506
496
3726
5205
9131
9571
9104
1227
2232
8539
3183
8044
5803
1572
7916
5581
9363
8839
440
4395
4765
7474
608
7977
6782
8206
9113
6964
9560
1903
6009
3107
7942
5170
3606
978
4790
9299
4229
7675
6006
9009
7498
6146
6645
7374
8416
3448
1775
7375
8460
5298
2813
399
6033
9871
4419
2174
4656
9736
3756
6175
6751
4753
5609
2978
1856
4569
2412
3881
5665
9856
3002
9441
3335
1578
2197
7781
6961
3856
5147
8052
9414
7598
778
1723
2083
2676
6391
891
4492
3393
5412
6909
6626
4026
9086
138
6890
2355
588
5478
1281
4441
302
1509
402
6068
4720
2286
1194
4819
2321
9657
3265
3363
1969
5105
9320
9651
9157
4486
6023
4161
7003
6979
5496
5333
2737
8902
9880
1942
6107
7937
5440
2967
7059
1304
5921
8189
2473
9145
6551
3263
5603
6790
6993
2566
8349
1583
6107
2096
1392
8897
6879
1844
3799
8465
3410
1030
777
8620
3503
753
2742
1096
6903
5973
6726
1948
9472
6699
9588
2107
575
2377
3004
7879
1149
2443
6054
1725
7042
1136
9831
6480
1848
2324
3682
6006
3462
6878
5639
7406
9862
6566
2517
3228
5839
7555
3088
3651
7906
4274
3701
1082
8595
9749
3843
9428
6135
2495
1119
8137
1920
2762
9651
810
6118
4268
3865
3514
5665
6207
8436
9839
2963
6776
730
683
9573
8945
5791
9848
1835
3718
381
7593
9051
4950
3775
2913
6755
7177
2986
5371
8647
1860
3239
2507
2249
9596
210
1
6098
5779
4738
385
1508
4810
8718
4580
6860
4382
9328
3404
1089
457
8214
4493
5803
5827
7026
4613
2845
5221
1491
7500
3211
4058
5511
9454
7570
541
6289
2380
4313
1676
7563
8807
2297
2233
9292
1865
3450
6092
5348
7886
525
3547
7815
4895
6394
4700
1860
531
2741
5
1430
288
2307
5561
2214
4225
8909
1691
990
832
6302
2977
5618
7308
3376
7383
5146
169
6001
3661
4917
4036
4060
8401
9166
7772
2615
3536
1796
4821
9144
9460
5254
9562
1829
1587
3461
746
2936
292
4072
9869
7416
9988
3984
2594
4053
7324
1756
4896
1680
8514
616
7821
7259
7482
2666
1769
4567
4134
793
8861
2325
6624
821
5220
6454
1118
2714
5501
6748
6268
1532
9697
2103
7549
9330
3376
8787
7091
5675
7710
8264
7330
1891
1520
8137
7263
8202
5808
9404
2778
2756
3272
2133
2411
4431
9262
2526
8575
1724
4566
1727
4607
4871
72
3231
3563
5551
9464
8187
6134
198
2562
951
2026
2982
3307
7225
4985
3849
1372
4
6877
533
202
2684
9736
4352
8807
6205
7998
7833
9397
7048
1219
468
8141
6268
6061
4857
7303
1688
7850
5132
4140
9233
3975
4757
1106
2381
6265
7536
4753
7555
4290
7364
8394
4120
4876
2989
9729
7903
1361
7373
9302
2441
7840
5955
994
6699
8979
5255
8983
103
8623
8589
6208
1758
7109
9042
1161
5898
2901
8035
1204
3569
929
9128
8649
2024
2694
413
7162
653
5134
1630
8099
4368
3834
3742
5916
9413
7372
5150
5118
3346
6547
8684
9624
9906
6334
2527
3311
2817
9787
7043
2520
23
4948
3832
1402
2208
4729
5905
5801
861
6870
6241
9421
9034
8785
353
9668
8318
7977
9791
6925
8390
7766
7791
874
6733
4846
3008
1050
1198
4588
8438
38
4429
1362
6231
9954
2561
5507
8763
397
3402
2604
8603
6177
6283
7027
769
6822
2041
5129
8855
6297
3449
8136
3481
8035
2531
6629
9672
9986
7996
8669
498
5891
713
2060
7601
7421
7721
3346
1812
8140
8055
4557
7266
2809
1950
9668
418
2716
3359
730
1863
2641
9046
3567
5003
7610
5760
972
968
5550
1703
2875
1192
5258
3894
5103
1404
8256
1162
7201
6908
1603
6126
3955
5292
7311
4076
133
6700
3048
9079
1809
6316
3563
2805
7486
9383
614
5451
847
3003
2242
5810
695
5037
4869
5333
8967
7182
5607
9333
294
9527
4366
4890
3452
6677
2603
3558
7266
9682
2760
3916
2924
6395
5130
6914
2851
9725
4443
5103
6623
8795
1190
9309
9794
9646
985
80
5211
4904
2458
1581
2684
1530
6896
8414
6221
5292
6825
1326
2544
9092
4396
5941
5647
9648
8592
7922
7193
778
39
6072
3337
2665
9642
2980
5728
7445
9690
3803
6862
3788
5687
8151
9939
6970
7778
434
2754
1724
4891
5819
2937
2195
4330
4688
8445
4820
517
6908
4932
8473
3446
8225
9452
6181
8654
6558
2757
8022
3631
6382
8718
6119
4077
1908
1971
436
4539
5543
4711
738
5287
7044
7075
3079
6385
2785
1304
1290
3281
8366
4071
6389
1543
1751
8848
2227
3846
3570
3953
9899
6283
1111
6123
9678
8155
7758
3631
5909
9329
546
8001
5495
9676
4484
6362
6668
4024
5983
4958
8270
4798
2588
6859
1486
4073
1646
7050
551
4593
3753
8800
5219
2368
1945
1075
3835
2332
7203
7499
9791
363
3338
5974
6703
8585
2451
5516
6203
1197
8804
8817
1698
3689
9140
4204
7257
2572
8380
3068
6626
9037
7477
9716
2497
993
3717
5814
9870
8508
9871
6036
2206
1077
7557
325
6939
232
6543
9536
1015
4912
5850
8039
2798
7707
7966
6383
8795
212
5664
9576
1585
9216
7329
566
236
6955
4997
9329
325
9691
1053
9860
9254
1521
3079
9708
7533
2310
6605
7194
8392
2410
4551
6548
8435
950
1429
6651
6193
627
437
315
3088
8239
1549
3107
5051
3571
6141
1537
8222
1464
1707
3522
7640
3001
398
9436
7236
6753
5961
4735
7212
4426
5287
3811
3361
1745
7885
209
1133
5969
6576
5285
2063
4890
3696
5316
4552
2169
8987
5950
6594
779
9587
7176
145
8741
5524
2979
182
9926
8657
6776
1781
3093
2559
8131
4278
1677
8037
8233
4013
45
3174
7842
6681
4670
1481
152
3463
5639
263
6716
6276
6705
2023
8198
2565
1848
2690
570
3736
3505
7581
8668
8801
2557
7275
2549
7127
5101
2959
5448
5512
5259
5279
1480
6484
7476
3380
1961
692
6010
5838
3262
5149
6779
9208
7460
1845
4960
7594
1372
5627
2338
2519
6097
6069
3866
8985
7983
2649
3787
5801
7123
9780
4626
4149
3573
4424
9739
4415
1752
7099
9842
2281
9254
4668
3294
2855
5311
2088
4401
3908
577
6542
1879
6080
8196
7623
3298
8767
2643
5894
5627
4075
3321
9341
5636
3317
6338
5190
4727
8345
3941
8258
9635
5964
4257
6975
8283
4957
1588
8164
2251
9511
8220
2212
4927
6180
2237
717
5567
8466
7434
9171
8219
7601
5931
6620
8766
1103
5839
7276
7913
77
9478
8062
8130
6333
52
3055
6849
3087
7119
6189
4172
538
9828
4137
3941
2624
1863
9299
8318
5010
8826
5742
6711
5401
6437
2315
301
7148
8374
2395
2549
8935
7407
9719
5088
6929
1202
899
4169
9957
1993
4471
9943
3134
4945
2990
7307
1896
4363
8900
2541
8574
131
731
7923
2580
4753
1977
8045
7610
6216
4498
800
8311
7423
6248
4382
6869
1897
3952
7509
5298
2795
8812
9445
8454
6936
5589
1788
3153
5456
3671
5150
2068
1649
5685
1303
1065
2133
6580
6856
9519
773
8509
8971
7666
4894
5603
8513
3377
9624
7947
4483
7574
1100
3813
8565
2226
2138
3878
5707
9644
1114
7686
8424
6189
9032
7112
1329
1222
8674
5249
3613
3611
9509
5050
9329
420
8919
2023
9195
815
9501
3917
6612
735
1124
5202
6252
2202
464
6916
4180
8408
7320
3330
821
6411
2565
4417
1589
1744
6824
8737
8787
9462
5550
223
6637
3828
5398
5849
3480
2110
684
2447
9358
4475
7328
743
9463
2348
2929
4515
3386
1921
5651
6544
5010
7346
8956
6079
4330
5961
3975
8744
5412
3730
3061
6361
7178
4947
7089
3289
7059
305
8618
1988
2403
5683
5268
8156
215
9133
9524
9125
2990
9176
6229
1909
6827
4057
9539
3400
7901
3631
5977
6585
3112
6961
2029
3825
2064
4541
4380
7643
8799
2833
8831
1258
486
3354
8318
778
1471
9724
6111
571
4769
1347
9275
6424
484
3820
4135
4512
2289
5962
8007
5314
4019
2640
6244
2601
9403
1881
8000
4850
5504
8735
9863
2964
5695
4837
6515
1951
3107
493
9863
2048
8373
4973
8419
5816
6411
7940
3939
7136
9170
5052
8204
2744
388
3408
7058
7077
6314
4
9024
1402
6288
1992
6829
5846
2564
158
337
4481
1312
9462
9463
169
2687
2882
672
3261
3968
507
7199
2461
9224
3285
3318
4786
1633
3547
141
7896
8658
5283
5888
6818
1140
4760
3348
607
665
5538
9002
4407
7583
5891
6374
5153
4267
9435
2240
6082
9051
548
5092
3838
9917
5430
8760
1302
7663
1235
7036
1671
2452
3484
4658
472
9494
6197
637
8474
8690
1632
7630
6723
8526
4626
527
5593
5093
7032
9545
5822
320
398
4924
192
6002
2062
3220
6745
2075
7483
603
7089
2423
1029
966
5700
4943
2971
5768
7211
7657
5783
4440
3542
8891
8692
8424
9373
8572
3707
2181
7892
3230
7798
1049
1840
2122
5755
6492
6493
8200
3264
846
9068
5015
6917
2683
836
8036
998
1506
8112
8808
7401
547
5284
1980
8072
4248
7215
4076
1499
9071
9314
3089
2806
9420
9495
4288
1273
7787
1123
4822
7197
7537
1747
9022
2593
3210
9914
2902
7092
452
205
4299
8643
6208
4258
6119
9062
9917
9066
993
38
2227
2585
8512
5867
9919
4867
7890
9451
2588
9895
1534
3804
6182
2781
1199
162
1764
3278
4375
7008
6866
5828
9975
8006
4333
8464
4579
4089
7194
6744
4464
4416
5883
9683
3334
5228
9864
6857
3192
7442
4122
2953
8976
4737
5746
2396
270
308
6868
9474
6531
8442
1763
7931
4155
5300
6587
5056
4855
3276
3761
251
3850
8076
7744
660
9085
9485
2895
502
4732
978
8593
40
9057
7435
96
5232
2331
9599
5798
1032
2774
5587
9426
7112
349
3815
6065
5625
4423
9433
5106
4166
1540
594
1295
1193
5151
2918
9031
9208
9496
9943
9356
4648
8060
7905
1718
4641
4070
6910
3567
7848
3992
9632
6598
710
3001
5497
4993
1769
156
9722
2582
7057
8168
440
7227
1852
1576
4428
7954
4732
6588
5089
7580
3870
4901
9247
4525
2851
8224
9603
8212
5799
6659
8454
6067
4797
4571
4907
5409
5725
7101
941
3663
4459
843
4759
8723
6114
9319
9983
5377
8407
3248
6686
8324
9156
3448
8743
1494
3794
1188
1735
8572
3666
4826
854
1580
7509
5594
736
4461
8383
337
467
6428
4648
5367
2711
6770
5639
5023
4920
4818
6377
72
8576
7745
9755
4262
8427
9948
6170
3921
8906
1582
3357
4790
3769
6834
9236
427
971
9858
2489
4422
9647
7906
7438
9779
9970
9688
220
561
2551
8533
1146
285
9966
1321
9282
2186
4527
8890
3671
4652
422
8993
97
4816
588
4326
8710
1920
2786
561
2499
6246
7513
4684
3690
2717
3486
160
4685
3850
4024
9421
5015
4097
7130
2768
5498
6428
9254
510
4276
3813
3177
4655
2268
7210
7792
3723
7597
9513
6960
6078
7435
2118
7668
4513
104
4757
345
1870
6391
1226
8427
1889
5520
7935
1138
3065
1790
1083
9746
1891
7844
7736
7085
6599
7235
585
4002
3552
4156
8921
7419
4784
1003
3247
52
7225
1230
6701
748
6559
5586
4180
916
6701
6369
145
6453
8086
1938
5931
4444
866
4325
2932
8984
8580
5230
4820
7388
2989
8569
8479
1152
510
5170
1734
5035
7261
9914
4853
6981
3745
3296
7650
7787
6476
4814
69
4341
5176
7708
2074
66
2412
788
1038
3321
3254
7010
6999
5463
1719
8769
4496
798
198
1814
9735
8275
2125
6746
1060
1627
6915
430
9537
6621
6515
1748
5322
2443
2391
4300
2974
1982
2237
3453
740
5494
4172
837
75
8882
6059
7467
9132
5301
865
6718
6285
743
8525
753
3854
9728
1237
8304
449
5516
9233
2565
5031
1283
9194
9551
5814
552
5187
780
2155
9659
6588
3619
8365
9873
663
9221
7662
9709
6986
4647
8208
3069
9063
3000
6769
1366
7561
2175
1546
589
1066
3089
3047
312
3633
2297
3878
553
4385
6233
5729
2958
9432
6662
3318
1770
2942
9601
2597
2015
4420
6455
2123
770
3892
7583
3699
6012
6321
2893
2306
8025
3703
3080
4201
1647
7249
7670
7543
2271
6178
9544
6795
1007
2149
3387
3564
5650
2078
3416
4079
5830
3188
999
1361
4577
9916
5879
9361
3415
9774
1100
465
735
355
6810
4834
4468
2167
7594
1472
2569
4018
3508
7879
1686
4773
6930
2177
2667
4173
2606
6537
1744
4317
303
7366
8822
9869
9934
8793
4943
4976
8389
8205
2283
324
1784
377
4234
3265
4236
590
5257
3256
1912
3004
8844
7536
9427
8378
1297
79
8542
6685
3880
4473
359
5610
5836
2096
8372
1330
7672
7507
3264
8263
1816
3144
5250
930
3745
6418
3998
4034
7164
2086
5823
1020
2349
7637
2691
5298
7809
370
7660
7075
999
4099
4244
4207
8882
4603
5672
305
8407
3669
3972
5515
3122
956
4691
5232
391
8010
5520
6618
9296
957
1412
8539
4578
8855
9217
3873
5008
7590
5605
7969
8356
7589
2618
4947
7046
8288
8510
4873
2317
7347
9260
9963
8545
7298
2150
3529
6836
6668
86
6602
1690
9203
4393
3963
7233
7731
6349
5167
7115
1772
2175
2690
3208
2814
6116
3242
2128
9088
2181
284
1559
346
9875
2466
2156
3771
2280
1922
7872
8684
6299
3649
1645
2574
8289
7378
4636
4084
9449
2681
3447
3560
9748
8966
1582
708
2392
3799
4431
8415
9525
5900
5037
4223
8974
8095
680
3157
6053
9707
379
8607
2069
4166
562
9587
4750
9140
4601
4879
3521
4782
1056
4802
8451
5917
5614
8223
2219
193
818
6853
358
2837
509
5315
9151
7275
5018
3497
5807
403
6267
2719
9600
4925
4668
6559
3837
270
3933
8548
6487
5493
6313
9064
3280
1867
7931
563
754
2504
3671
6556
7261
8971
7448
5757
4479
3386
2324
6241
3175
492
4902
9045
5383
9652
9413
9283
6156
9386
2297
3922
912
2698
2416
3919
5775
6582
5094
610
303
8788
596
9007
2265
2131
9142
3611
6486
5027
8468
6408
9267
1176
7465
6322
3630
5340
7142
1012
8016
5154
4014
2067
7981
7113
9240
5483
6110
7104
5553
5560
9937
8250
5066
9990
8585
2413
2390
5292
5281
3941
2239
8631
9648
9693
4939
5961
8434
7576
4675
4687
3974
4120
1020
8684
4326
9487
9141
2792
5277
7666
1719
8424
4634
5471
4184
337
6603
4904
7768
3900
9700
6251
1591
5103
4815
2660
2245
5809
847
120
5554
4179
9021
5534
9135
3771
9909
6938
1387
6891
979
4515
3044
8892
1078
8923
8964
5159
4148
9352
474
1832
4298
6118
8212
9436
8811
7658
9944
1721
427
1472
3410
465
2490
273
3637
2053
152
7896
8885
8389
7420
6485
9661
275
845
1096
8598
6732
7409
6134
9337
5456
2010
346
2475
5947
7204
6104
5980
7422
5645
9555
1502
3073
2187
7799
8054
3460
4725
2856
1729
3672
7261
6945
3570
6980
5280
3427
3401
9445
1864
7410
4540
6069
6458
2427
8402
4769
4300
4362
3221
4758
9712
2650
4367
665
5125
3513
4801
8272
6671
2164
8825
5862
297
147
84
800
4178
6562
9350
2332
5822
7607
2055
8542
9113
7143
2572
6092
2497
2513
2648
9565
5998
3700
2782
5892
5871
5596
2769
4568
1142
9828
1826
6026
937
4659
7363
8161
2053
450
348
3554
2987
6691
7307
5128
1892
3622
3805
4363
4068
7344
2664
4872
9029
3083
6450
1768
9702
4968
8261
9529
4096
4030
541
94
306
4887
6084
4021
8351
567
5445
788
454
6052
2019
1613
4065
8325
3471
422
6185
8331
7843
8963
1475
8170
8044
7470
1868
7359
2856
6235
2368
9251
2776
537
5857
2579
3347
3628
7599
3069
6180
4939
4441
1627
4217
3987
3144
1702
9745
606
2238
6521
2714
3693
1675
7519
7105
751
6073
8035
8231
9399
1297
6150
5419
998
5611
1609
4845
1329
9817
1276
8003
3017
4729
9836
4332
868
3613
6366
1540
4574
6158
2671
1037
6518
3695
7963
5621
1184
8629
6240
3333
3009
3644
7397
9947
3390
5984
136
5964
433
8510
8873
7109
3331
2067
8511
9342
778
4061
4128
9499
5465
9070
9057
992
4702
1864
9840
2113
6180
4965
5519
3223
4636
2226
3598
3982
8057
9447
527
468
3254
8602
4167
2610
14
1498
2595
3685
602
8319
4194
2975
5026
6800
471
7604
2615
9444
4975
6057
2746
6036
3262
6259
1596
9988
9500
6927
5246
5251
3272
5861
8596
5684
6324
1218
9091
2264
1582
2541
2176
1700
4534
4930
2545
9175
9272
7182
5815
7652
8559
2168
1084
2574
1811
7354
5738
6729
2536
9498
9755
3904
4345
6130
1127
3934
6550
8462
4965
4702
339
6180
1232
3672
5666
3606
5736
2312
4653
5748
9513
6323
5725
3507
6225
3901
3152
4062
3141
8058
8464
8239
2889
1212
9714
6665
2702
4084
6705
6642
1295
124
3644
4819
7572
8141
1208
2453
5167
354
796
1174
2550
6645
1379
8999
6758
7329
3678
5402
2326
8185
3559
3214
7629
8488
8465
4928
2776
8782
6453
2680
343
9161
2296
5432
9901
6372
6010
454
1893
3814
622
7320
7826
9579
3553
3829
5873
4680
2383
5020
2570
8731
1304
9302
534
4777
7774
7601
287
7300
3789
3960
3225
1820
3858
4510
2179
7020
5434
8360
5407
8899
9551
7494
509
1836
859
3693
2176
557
8153
957
5482
3340
9192
5487
6586
1311
2255
4138
6912
8936
6688
2900
3585
5277
1414
6162
5083
3546
6444
7827
3528
2029
3724
8736
9241
6916
1538
507
4258
6898
7574
2015
1580
2331
8729
7759
7007
4572
8752
8103
4438
2456
6474
1580
9684
7474
7683
8244
7253
129
98
756
9044
8693
4257
9521
1651
8448
309
5534
8699
7056
9381
4224
3040
7157
5628
395
4344
5409
3523
3162
1734
3781
8128
2721
915
747
7307
20
9049
4005
7527
6980
8611
4846
2616
6600
5078
3010
3345
8859
5871
4953
8168
3171
6609
1554
9214
1986
7312
8818
3255
7022
3428
2754
1195
4853
8280
9623
9716
7893
6534
2053
2908
4737
4905
4758
2776
3709
8606
9676
2633
6106
9891
305
3206
4351
3096
1120
2818
11
248
4738
5560
6283
3569
201
4175
934
6356
4722
8464
5733
693
7566
5038
2638
502
2706
4828
9932
2184
2780
3287
7558
7337
9045
8079
1895
3640
7534
9378
5842
8029
6114
2537
587
681
4810
3771
7721
9776
2106
5006
3598
1062
453
5727
3580
1647
9758
2174
3351
9758
3006
1450
7107
6158
3425
9634
7163
1683
4167
5317
2533
6934
4452
466
1272
4231
7346
4133
3243
1136
7295
7150
8144
7598
5511
9330
5984
3316
9448
8566
3378
3285
7643
8413
6130
7041
7809
9937
8840
7497
9398
1184
6245
3336
7194
3459
4947
9890
6545
6982
8608
2641
6535
2447
959
1696
5195
6700
9696
4497
8716
9635
9867
9888
5430
1346
2053
6561
9918
7901
986
7327
3081
5056
8319
8606
4452
4213
1053
239
7229
4670
2719
138
7506
755
3973
5076
883
214
6565
9660
5179
6035
3901
4836
7767
6256
2484
8534
8235
2556
6363
3437
3581
6517
7152
2344
2199
9425
3663
8159
3912
5935
4896
9386
109
8317
7579
6016
6247
6118
9959
45
6462
3382
2402
7164
2117
3519
3143
8353
4882
995
5827
2481
1992
7818
5301
7969
7752
723
1620
2984
9204
8213
3027
1813
8215
4320
8801
7292
8881
7961
7902
523
3467
20
9816
6841
1486
9376
3331
6624
157
4105
3810
8081
6590
4744
7273
1356
9040
4021
3068
8001
818
9219
2041
3471
5993
1430
9560
7555
8501
9432
3789
3401
9222
3054
1965
4078
8511
1492
2891
9047
7543
9551
7201
2073
601
6965
2380
6946
6025
3044
4441
8003
7165
1285
6215
9406
320
3543
6215
9460
6422
7083
2107
730
8308
1336
8099
2134
9913
6437
277
1555
2257
163
710
9207
9700
3266
9898
1101
1922
2730
6334
3921
7023
5268
6290
7310
5738
5548
4292
1818
5088
743
7624
9892
8330
2707
7229
8866
3949
9387
3347
9366
127
2832
9887
9692
8336
2245
2711
8210
3891
6777
5248
3170
1534
7303
1270
1444
2471
2914
9624
1103
7937
2029
1053
7451
1840
3238
3445
4625
5830
460
6379
9537
5914
2654
5035
9762
6171
5328
2046
7348
8412
7925
9223
8494
5656
8642
9901
2712
5653
488
7367
401
3978
5991
529
1052
7438
2264
4078
735
1794
9008
417
8676
6236
6919
4878
5054
8147
9660
7891
3945
9240
1446
9835
7293
3589
5257
1803
1198
2068
7576
5775
6198
3486
6867
6705
1819
1408
4751
3625
9406
6995
6738
8258
8296
8969
8574
1046
7254
5661
2503
2843
733
8476
5057
8275
870
3865
3920
7222
1224
2382
4081
627
306
2142
8550
630
5020
7671
9349
1191
1913
6661
5306
5575
7851
3357
8240
9407
8824
9903
8482
3792
3935
2651
465
7906
3835
7318
5131
2356
9661
5083
4402
9864
5011
8875
1130
14
4247
1806
7019
8862
965
5338
1488
5977
9466
8054
2142
6846
3628
4626
4304
9504
2756
9959
1753
2869
7482
8394
441
375
1353
7524
214
9040
8025
8293
1547
5621
3633
7160
139
8653
4021
2713
238
826
8354
6268
7987
4135
6383
2178
967
1272
407
2528
1076
1748
2879
1198
3410
1622
156
7360
8531
5656
2897
1448
2056
5904
553
336
34
642
7290
2507
337
960
2647
4348
6869
150
1915
2226
9503
2729
6739
2092
4300
8131
5536
5491
7223
4106
2470
9377
6953
3694
7660
6217
1788
2461
7324
9132
9610
9062
2870
3639
862
97
549
674
8360
9958
6445
6337
2397
9985
7633
2014
6825
3980
7236
1652
2394
7027
2307
9593
7441
9599
7842
5454
2766
2509
6873
4688
6892
2072
4865
2479
2675
6107
2959
5812
8253
8339
1029
9855
9388
2924
1036
3894
4976
8060
1556
2352
9211
5305
312
683
9996
412
325
1456
2885
2435
8675
2755
4294
5585
2445
2203
7291
370
4849
7894
7311
5874
5964
3361
1924
1261
6062
5341
4082
2095
5655
4526
9399
1394
2726
3144
3462
711
4576
2488
8745
4801
359
1019
9426
1108
4708
2237
4170
1954
898
9725
8974
67
3713
1858
3291
7181
1276
9330
2707
3986
2690
9952
3827
6437
6992
4310
1262
9482
7974
6059
2855
6521
9339
3673
3456
8623
8096
3486
9500
2759
9093
2756
7985
7854
2082
8600
3691
9932
7606
2018
2069
5700
1656
1397
7938
8377
5063
8927
5484
4899
486
663
9524
8247
3687
9317
6613
4362
9756
423
2904
4290
1628
6679
5280
438
598
3591
4279
6520
5862
3971
9553
3507
5627
9212
6747
1321
7377
3156
550
2628
7191
4803
9604
1908
8568
7465
3024
223
4000
6793
7294
4941
9243
489
8910
5929
837
820
6730
6871
2424
2732
3291
9496
9163
5520
5479
8144
8598
7495
7358
462
3573
4109
658
9146
5788
9766
8480
2304
229
7656
4369
6619
2911
4374
7906
560
3692
5324
5944
3
365
6473
4722
7785
7112
4449
4688
541
9587
5935
1498
2536
1244
6468
2116
2738
1874
1315
3183
4224
6343
8445
8346
8288
4605
2624
6207
9873
8586
303
2060
4865
7539
497
3888
145
9141
857
9627
7853
3269
5370
7088
8560
6052
2905
7206
6827
813
4210
147
1079
4869
4488
147
1850
6562
8885
6663
1218
5093
6396
9477
3445
4738
3459
7430
2618
8578
2697
8609
469
978
4555
9321
3833
6929
7942
5126
6928
5358
5603
2323
4056
6428
7453
5009
6420
5428
9413
5408
6150
7306
8293
3508
2296
3879
3654
212
8445
8160
4113
882
5189
9193
7382
5411
6562
9996
2095
8873
1815
5799
8152
3289
1022
2404
1087
9701
2879
4708
5351
7198
1008
5077
8711
7276
4817
2298
8529
3270
7835
1696
7630
8473
8492
7199
784
2305
4251
1121
2363
5475
4233
2610
8516
6529
7554
8903
7584
3371
9711
3034
2508
7136
600
1060
5239
6499
9344
4910
9631
1584
9182
8603
8611
5351
4896
345
5781
8327
4101
5979
9738
6580
7703
7758
2089
3748
1740
1421
6790
9948
292
1705
3560
1890
8455
2135
2983
9258
2092
5323
2515
7594
1829
6400
2625
1589
8605
6466
8034
7362
8988
1110
5373
3486
7096
4140
6539
9228
3130
6495
9014
9382
2517
3700
784
7715
6975
8213
4582
1875
635
2176
3383
2001
270
1007
1238
1179
3089
311
1310
773
8052
4682
1467
6940
5599
5812
4092
6649
1808
7190
7741
3919
5782
7764
9451
583
7917
2137
2172
2815
1238
2777
7272
3269
9385
5538
3842
9461
5937
3856
86
6996
5908
1454
1915
5229
5916
6391
3187
8288
6370
2880
8011
8712
8602
7596
4719
690
8935
5267
3349
5329
9576
4230
8232
8269
9620
132
9865
469
838
7025
6823
6637
7996
2465
9048
7329
3802
6108
1540
9813
4902
589
6267
465
9363
4068
1465
6186
2651
4655
7507
1759
8795
4095
2760
2111
7155
7758
6508
4649
5975
1205
5424
8123
8188
2842
129
3216
2294
8629
2314
2996
4300
3068
7496
3247
9317
411
1802
8733
227
495
8141
8140
3580
3157
3623
8635
9760
6964
5293
3931
8250
8641
4939
9424
1112
1209
1533
1
1608
3245
5965
5396
951
2670
7650
4664
1582
5149
8133
5336
7496
5500
4196
1504
4254
7217
3237
2103
5502
4360
3597
3127
5432
1866
1739
6266
250
2896
3666
1239
2395
3807
6246
7682
9097
1035
3001
7302
6184
651
821
8137
11
8190
7787
6426
8597
823
5587
3694
7074
5099
4306
3424
8182
6068
649
3223
9705
7152
631
183
3831
2431
1951
3092
717
266
1328
6286
4558
9856
3447
952
7472
1670
5616
7705
7032
3726
9328
8025
9558
224
5504
2828
798
9111
6264
6266
5957
3533
4391
7731
7472
6328
425
987
9416
133
9742
4706
1665
5330
1688
750
4531
3617
6705
1735
628
9935
7125
4034
8115
8415
3964
9051
7872
8198
4943
999
759
3963
9137
4623
3843
4893
9276
7518
6287
1348
452
3820
7232
5673
2102
223
152
8427
5228
3663
169
8861
9506
8466
5406
5855
4988
6829
3645
4715
5587
9555
6194
6693
1823
5162
2002
692
69
2705
5944
6808
5529
1619
8552
68
8594
4880
2816
1702
8383
792
3926
2653
291
9197
4412
36
9736
244
567
760
474
5567
455
5687
2016
5778
8241
6302
8986
3517
9364
7886
3911
3111
5077
2695
6454
7205
2768
3098
4047
994
4120
2856
3706
7387
9316
3510
6330
1101
1632
1893
3418
118
2157
6248
8422
7026
7928
9678
1990
8386
8228
3290
6203
1031
8768
738
4012
5262
2932
7477
7239
9456
8431
8080
2988
3442
3701
1950
8440
8995
7052
1467
8849
867
436
3845
2917
2909
8933
8705
4217
5779
5459
9413
4683
4436
7861
3393
8540
9500
6065
6368
910
6054
5936
2973
8703
9968
5923
1787
6627
6595
5518
3536
7827
9483
8239
3452
2699
8221
4613
294
8404
9010
8312
3026
652
2090
4761
4857
8204
5534
601
3780
6968
3659
2913
9621
7636
7793
6379
2556
9185
8646
7694
1115
8987
2479
2022
4519
7601
8637
9368
5932
511
3362
8152
5364
3322
6704
7873
5570
2342
7944
1492
6690
9226
3787
5830
9115
8599
4781
1501
3394
2231
9097
2042
6114
2171
8260
7302
6976
6753
896
390
7233
3438
8048
9735
6327
6850
1839
6433
1315
5346
741
5071
733
632
8799
939
8649
7211
7759
9178
3347
4477
533
2303
6923
8820
5038
5380
4118
471
5064
1242
4714
7969
3235
7888
9896
9985
3581
5248
7128
4195
6093
9883
4165
5351
5802
1558
2982
3010
5902
472
1795
3992
1644
7251
7585
2420
1410
2869
4809
4720
1346
6846
9680
6316
5221
9862
5621
4483
9979
3501
5360
2262
1399
7751
1382
4903
6537
5458
2221
6845
3603
8572
1919
3851
9414
8505
7444
7017
9300
5109
1791
5811
2905
8052
5714
6105
6726
6132
6382
3102
7628
7776
5380
9957
9695
194
786
6752
1521
9990
5933
7159
637
5220
6522
6616
2324
19
4534
5618
3377
9224
2248
6752
6199
6503
3966
8507
1789
5967
6894
1462
9441
8881
9032
2365
8407
1367
3457
5711
3249
7744
439
6580
5422
1868
2841
6821
1479
3760
5661
4918
2015
5010
3959
9744
3809
2785
2838
7493
2710
1327
5777
6125
9863
5700
7682
7630
2387
3614
7181
376
9232
6256
5805
2966
3489
3422
5319
9242
9555
86
1170
7771
5390
9262
6565
5661
3039
9815
1845
8177
5146
3136
3285
4857
3247
5187
2770
8351
2072
9472
6147
3416
6682
9677
2191
8210
5390
6374
953
3632
127
3774
4039
3074
6912
262
4936
2081
8919
5325
4279
2098
4779
1032
8382
1915
7059
1634
9174
3331
6901
4885
7839
6673
3185
7538
4951
5821
5844
7256
3345
2215
8815
2732
3780
304
5064
6369
734
7389
6255
995
2971
3441
828
6529
5731
4915
2426
8058
7496
938
5035
2799
4676
7908
6122
6184
4166
5238
5782
3965
7349
955
9084
7757
7801
2114
2769
3332
8948
1016
1372
8450
381
8581
5306
7323
9407
8979
2648
6226
3146
1270
2339
9450
2052
5356
5505
9258
6630
8831
2995
4622
325
2909
6548
1192
8590
9575
1193
3241
2144
5151
8193
7729
9727
3345
7639
4121
6482
9138
3223
6712
1278
6248
4594
9503
1072
1177
1549
2742
5558
5788
2918
3938
9509
2249
2758
5240
4618
1687
1491
8261
5298
4703
8756
6998
805
2529
1158
8133
1284
8477
7095
3839
4049
6471
2395
3789
1378
8530
5031
4806
9550
6886
6906
9210
4955
8059
4980
7327
2975
3665
5809
9738
627
1845
9541
8261
780
9582
4704
6952
7253
875
4645
5108
5452
6650
6201
514
345
4756
6813
6879
9705
5607
1622
3970
8343
4581
8379
9332
9241
2107
7732
5947
6867
1688
1304
2047
2297
4129
9312
495
2097
5063
9079
8925
8884
4035
1317
7352
3532
2106
194
5745
9854
8482
2621
5663
6159
3714
1470
5544
6349
3937
815
6005
7272
2167
5434
6235
8500
8817
7942
2575
625
3452
4277
3355
4723
3014
7045
8580
8119
3300
7706
3861
5243
688
5035
8194
7328
66
6599
4218
4628
4778
4320
1481
8448
1170
5441
5969
6872
4984
668
1917
4327
9999
1126
7328
8768
7621
1993
2369
1571
5491
4709
2053
6380
8348
7269
8138
8065
8953
384
7280
2464
3266
4656
4794
1444
389
6995
7008
7575
8065
7299
6066
9284
1366
3652
8797
1467
9397
3073
1451
3556
5986
1676
3533
9832
7142
4007
4206
5289
405
4999
9914
3899
9023
4445
8428
7908
8286
6083
1758
6995
9918
2952
6117
7068
9303
9662
2161
7859
2671
588
2084
521
378
5080
3165
7437
5065
3169
4854
6974
8668
3531
2749
814
6589
4755
6117
2410
7314
3179
3292
201
552
9206
725
5195
490
1840
5381
4376
5254
2919
6545
1119
964
7297
6007
2067
6714
2698
9713
3443
1365
7005
2964
4475
9406
1704
9572
8298
7952
7331
9203
1336
9709
1898
6328
6494
9270
5174
2524
9614
4805
4727
3551
2731
2800
126
1590
344
7222
2117
1994
5288
4204
1163
9265
7197
2731
9151
669
5960
3392
4889
9924
2815
6239
8010
1427
3741
4942
2455
7511
2041
3679
4826
6623
63
1843
258
7798
8751
9173
6429
3304
5500
3706
8653
3846
5262
2406
1486
3642
4369
3848
6937
354
3811
6997
8207
2582
2980
8834
6806
5291
6795
2667
7068
5205
9655
6124
5541
4741
8135
6700
9434
7438
5944
5094
660
5606
7330
7141
451
6695
7097
7080
6164
963
1072
9651
6265
5953
4376
9740
3681
3399
3043
3028
5305
2950
1284
2215
633
3783
1104
7028
5840
3259
8567
1598
2690
7027
231
4736
8059
198
8827
6899
8026
5592
6961
2870
9026
9246
4371
2606
5523
2522
3304
8694
8162
3627
1569
3761
7973
84
9386
137
5829
1579
1002
4340
5355
3388
4694
7944
7458
1843
860
9421
2210
774
728
7114
6863
7046
2121
8143
2715
6569
4329
4758
3925
3276
6205
6306
9327
6647
7314
6741
888
5830
5378
7085
4521
3820
8407
8241
4681
6179
7551
4561
7805
5991
2417
8962
8563
7633
7433
5096
8023
561
9285
818
6307
6346
6601
5791
7042
6287
6977
2467
5852
7420
7450
1705
4499
1447
1921
3979
4320
6766
8180
3073
6279
6744
857
1651
1798
9134
513
7156
9639
1960
8506
7072
8800
1752
6985
866
7211
9984
5151
5501
5221
7236
8443
1695
9304
349
258
9517
786
2628
4447
4021
4563
2403
4896
3531
7194
6622
4605
8818
520
1916
7
5840
5066
8316
6923
9715
1651
7082
2499
9972
3251
6097
8834
301
9379
6158
5353
5164
6462
9233
9608
3010
7432
6060
1477
4744
9954
5435
200
5114
2829
2929
3585
1595
7774
4842
5185
2894
5309
8271
8426
8649
4720
8307
4126
3417
7602
5276
8695
5143
3127
2795
1150
7295
2009
4799
4984
9636
4842
4229
2697
6873
47
7614
3435
5441
3078
4340
8345
3639
8011
4724
2672
339
2896
5116
2833
7529
6408
5050
1308
6577
184
7167
6755
2117
1117
7461
761
6063
8504
2864
1888
9678
135
1892
804
6080
9991
5525
2669
3181
1826
9415
1563
2283
1763
3650
4864
8087
7294
3071
153
316
3818
2528
268
859
9703
9446
3460
4412
4275
1110
8354
2256
5708
9540
2994
7044
250
9014
4236
4111
9213
4527
5433
3022
2473
2275
9441
6697
2999
9759
6593
4952
5629
6126
1977
7592
6189
8472
9325
504
9529
4083
2300
9878
3856
3052
5789
7915
6895
8747
9836
5513
870
602
1828
9802
2447
8131
1414
9831
6608
1944
3727
6318
3220
874
5583
2375
7714
3480
110
4679
6208
4333
2746
5513
2033
6893
5484
2054
6871
2427
5038
6034
6323
2123
6552
4289
7831
8092
7699
9260
5434
2323
8255
8938
1361
7937
5398
6789
6089
9116
7626
8141
3526
9278
1327
1580
381
3102
1341
8598
5542
4350
22
1913
7217
2241
239
1469
9608
5525
5156
1834
1880
3645
4965
3731
2437
7376
1706
9555
8821
6193
9051
8570
3197
9448
3102
5838
9494
5520
2150
5797
2754
4562
8864
4710
5052
4251
949
203
3966
9700
3325
8990
3638
5131
3012
1634
2866
1834
5437
5632
9100
3317
3738
2257
2947
7223
5378
5828
4125
5610
4983
9042
5143
7214
5253
3867
1017
2580
7276
6755
8515
6599
2190
1460
1039
4059
9158
7482
1899
873
5749
3687
8704
5465
6683
8277
8726
9418
7741
3456
3380
6152
9664
4781
5417
9016
6863
9335
7650
8244
9155
7549
4092
1913
7664
5166
9730
8063
9040
8131
9536
8212
3978
7495
2236
1390
3651
1045
403
8443
4300
2718
4828
4174
2183
3646
4807
4252
1144
3026
829
2660
9740
9119
6457
6706
3379
4741
9205
9702
8772
2439
3803
8037
3737
5769
9831
6125
7603
4016
7685
7570
6250
7555
2424
6583
5391
1937
3692
2456
1122
2021
7855
7845
1045
4364
3795
4445
7241
9063
6784
6423
7737
9023
2035
4499
1336
7045
6720
2005
2718
3889
6011
3656
4877
7158
4377
2110
7504
2845
4573
5842
5313
5647
9244
3835
6392
1518
7644
645
3437
1920
651
7363
3922
7364
7083
2661
2293
764
3107
8144
4132
4077
1559
8179
105
3024
8004
517
5505
7101
350
5908
7980
4489
6605
2245
2461
8308
8053
1153
1487
4286
8493
813
1697
8527
6032
4662
1595
9397
8278
6823
7122
7675
8044
9826
1618
7422
759
3147
8080
2149
3099
1799
9752
8850
5976
4907
8246
9483
6540
9074
3866
4820
6173
5786
1396
1969
7781
6032
6361
568
5274
7237
162
6831
8948
2786
9143
7843
9413
7533
7252
656
4760
7211
5250
8173
4400
6479
7389
9458
2703
6689
690
1735